155010
43346
14877
20597
16290
14190
13953
14053
14004
13937
14051
13997
29394
14181
13716
13542
13631
13580
24867
30460
14425
13699
13660
24181
30030
14506
15231
14568
19239
29812
14551
14060
13891
16739
29880
14202
13575
13532
13480
28025
30459
9088
14665
15922
15129
13472
55065
9025
13805
13641
14927
12127
12764
14792
43417
8251
30178
10049
13986
13662
13105
13502
15471
28015
7896
13269
13198
16532
29470
8049
13349
12837
12670
25772
28410
8123
13219
12997
14023
13212
15485
12996
13804
22202
19180
24336
13374
12951
14197
14815
13318
14367
18904
27608
8236
13515
13429
15356
28018
8225
13438
16584
29222
8166
13330
13006
24162
14234
13381
18322
21915
17218
16737
16067
16892
18010
18571
16746
13480
16145
13427
16547
15534
17299
13403
16217
16368
24336
13685
20468
16084
29306
25460
66547
7520
13332
10373
8042
7733
10353
7890
7727
9331
10378
10196
8665
8504
7764
8455
7835
7735
7818
8510
9056
9288
7952
7799
7816
10329
7929
7871
7120
10132
28925
4877
8085
8496
9453
7288
7198
9935
19726
8944
10845
9335
7789
7827
7258
7685
7639
7604
7698
7634
7608
7673
7669
7243
7653
7662
9636
7891
7703
7598
7693
7442
7248
7279
7245
15022
7689
8667
8439
11131
7275
8846
15452
7413
7049
7058
7021
6967
13389
17712
12247
7614
7353
19280
30365
5563
8650
7946
7524
7440
7537
7499
7440
7386
7266
7210
8854
16770
20852
4738
4058
2899
2845
2820
104372
109777
3634
113161
95473
76682
44508
40845
537
39034
26869
27607
2448
46631
40846
28897
25035
2449
42298
54253
35218
1647
46090
26889
32238
1605
41101
31686
23423
4072
49719
39354
22658
33411
1553
41039
28305
29764
1112
36929
24410
29618
25094
17675
24424
2102
36675
23588
29395
415
27864
21222
21885
18655
22684
1636
31616
23044
23609
2082
43826
26576
765
30407
26261
26777
824
30416
26694
22198
1934
58347
32354
26035
18979
1642
36700
23441
29120
21579
21650
1734
35265
28947
25014
938
29979
23463
28985
20575
21254
1791
39983
20272
24896
881
34153
21491
22144
1624
40381
29024
20534
1705
32348
22944
27439
24357
20566
18061
18061
1452
33601
90471
8372
19330
21528
21801
16771
32554
24821
1933
50495
30004
14710
22356
2193
49445
16712
18807
1782
57841
21381
44432
267
34184
39411
17357
27195
2094
47828
38076
20248
23919
1694
38823
33027
19720
4208
48713
29899
22188
1584
45776
33140
19082
3812
42766
34384
26471
20683
3995
49955
28958
29603
610
44031
23798
29517
20131
19372
20809
25277
1826
41128
24984
21999
15773
5009
29859
32351
27399
596
21849
25632
13751
26116
1976
36952
10596
6196
2916
11780
10503
3892
20359
13219
16947
17048
2276
32943
18081
21717
20011
20682
2458
30462
29349
16888
30940
18928
24642
1508
28952
19661
24944
3098
37212
23678
22514
2109
44815
23137
25085
18595
20123
2547
32506
24373
2007
46246
20986
25173
15303
4904
50689
27161
17268
6402
50377
27763
24536
27471
2833
27504
22605
18485
23178
19809
1586
27441
32006
1572
30306
28047
22432
24431
2240
32552
25204
24168
1928
36103
25404
19894
6495
35530
27448
1268
28286
20380
27506
1146
36039
17099
35817
10382
48745
20345
30573
23953
27369
22330
27549
16259
6460
35908
22526
27576
1336
29691
23796
27092
20899
7374
36089
20236
21997
2903
39441
19707
21643
23354
3417
40808
19698
29217
1466
33763
19103
34270
2140
30269
20311
158217
8820
98937
90977
63819
29995
30072
1294
71673
38187
33753
1170
43724
24253
15604
5360
45896
31940
16792
5095
49244
17816
29349
619
29060
33849
12706
9920
41283
29027
19038
5405
36485
14721
39676
240
22239
45438
20532
5115
27957
21471
31710
14339
18466
6408
44766
18873
29203
891
26522
28673
14017
29627
16908
5455
44234
26880
19366
7729
44545
32550
496
26752
31097
22765
17936
14578
29881
824
30045
13336
38711
244
38542
17355
19397
14873
4667
34173
12215
34910
169
44173
23330
18868
1623
48312
243
32617
11976
19886
20768
20007
26652
647
35289
13577
31198
358
30334
21405
24722
575
26740
23950
23868
2792
58523
28187
18762
25422
493
19872
28559
33481
25717
666
31776
13121
46436
18999
5735
35387
22140
14387
7204
28879
37885
204
37978
169
30630
20895
18709
38528
169
33003
11554
21930
2394
43565
16703
16074
8307
51712
16309
41001
594
82030
44746
26888
980
30547
27682
19927
26906
18686
20515
16777
21915
22779
1367
30208
31743
29815
27468
29073
